210,143,211,143,-16777216
211,143,211,142,-16777216
211,142,211,141,-16777216
211,141,211,140,-16777216
211,140,211,139,-16777216
211,139,211,138,-16777216
211,138,211,137,-16777216
211,137,210,136,-16777216
210,136,209,135,-16777216
209,135,209,134,-16777216
209,134,209,133,-16777216
209,133,208,132,-16777216
208,132,207,131,-16777216
207,131,206,129,-16777216
206,129,206,127,-16777216
206,127,204,125,-16777216
204,125,204,124,-16777216
204,124,203,123,-16777216
203,123,202,122,-16777216
202,122,201,121,-16777216
201,121,201,120,-16777216
201,120,200,120,-16777216
200,120,199,118,-16777216
199,118,198,116,-16777216
198,116,197,114,-16777216
197,114,196,113,-16777216
196,113,196,111,-16777216
196,111,194,109,-16777216
194,109,194,108,-16777216
194,108,193,107,-16777216
193,107,193,106,-16777216
193,106,193,104,-16777216
193,104,191,103,-16777216
191,103,191,102,-16777216
191,102,191,101,-16777216
191,101,190,100,-16777216
190,100,190,99,-16777216

curve,-16777216,100,500,400,100,700,700
curve,-16777216,50,750,400,500,700,300,700,650

filledPolygon,3,250,100,100,700,700,600,-256
filledCircle, 125, 650, 20, 20, -16777216

filledPolygon,8,600,630,680,710,710,680,630,600,100,150,150,100,300,350,350,300,000000
filledCircle, 615, 200, 30, 30, 200
filledCircle, 665, 200, 30, 30, 200


filledRectangle,600,600,40,60,-16777216
rectangle,600,400,100,40,-16777216

filledroundRectangle,475,325,48,48,10,10,-16776961
roundRectangle,375,425,47,47,20,20,-16711936



190,99,189,99,-16777216
189,99,188,97,-16777216
188,97,188,96,-16777216
188,96,188,95,-16777216
188,95,187,95,-16777216
187,95,187,94,-16777216
187,94,186,94,-16777216
186,94,186,92,-16777216
186,92,186,91,-16777216
186,91,185,91,-16777216
185,91,185,90,-16777216
185,90,185,89,-16777216
185,89,184,88,-16777216
184,88,184,86,-16777216
184,86,183,85,-16777216
183,85,182,84,-16777216
182,84,182,83,-16777216
182,83,181,82,-16777216
181,82,180,79,-16777216
180,79,179,76,-16777216
179,76,178,76,-16777216
178,76,178,75,-16777216
178,75,178,72,-16777216
178,72,177,71,-16777216
177,71,175,70,-16777216
175,70,174,66,-16777216
174,66,173,65,-16777216
173,65,173,64,-16777216
173,64,172,63,-16777216
172,63,171,62,-16777216
171,62,171,61,-16777216
171,61,169,60,-16777216
169,60,169,59,-16777216
169,59,168,59,-16777216
168,59,168,58,-16777216
168,58,167,58,-16777216
167,58,166,56,-16777216
166,56,165,56,-16777216
165,56,165,55,-16777216
165,55,164,53,-16777216
164,53,163,52,-16777216
163,52,163,51,-16777216
163,51,162,51,-16777216
162,51,162,50,-16777216
162,50,161,49,-16777216
161,49,160,48,-16777216
160,48,159,46,-16777216
159,46,158,46,-16777216
158,46,158,45,-16777216
158,45,156,43,-16777216
156,43,155,42,-16777216
155,42,155,41,-16777216
155,41,154,41,-16777216
154,41,154,42,-16777216
154,42,153,42,-16777216
153,42,153,43,-16777216
153,43,152,44,-16777216
152,44,151,45,-16777216
151,45,151,46,-16777216
151,46,150,46,-16777216
150,46,150,47,-16777216
150,47,149,49,-16777216
149,49,149,51,-16777216
149,51,149,52,-16777216
149,52,148,53,-16777216
148,53,148,55,-16777216
148,55,147,55,-16777216
147,55,147,56,-16777216
147,56,146,57,-16777216
146,57,146,58,-16777216
146,58,146,59,-16777216
146,59,146,60,-16777216
146,60,145,61,-16777216
145,61,144,62,-16777216
144,62,143,64,-16777216
143,64,143,65,-16777216
143,65,143,67,-16777216
143,67,143,69,-16777216
143,69,141,70,-16777216
141,70,141,71,-16777216
141,71,141,72,-16777216
141,72,141,73,-16777216
141,73,140,74,-16777216
140,74,140,75,-16777216
140,75,140,76,-16777216
140,76,139,77,-16777216
139,77,139,78,-16777216
139,78,138,80,-16777216
138,80,138,81,-16777216
138,81,138,82,-16777216
138,82,138,83,-16777216
138,83,137,85,-16777216
137,85,137,87,-16777216
137,87,136,88,-16777216
136,88,135,92,-16777216
135,92,135,93,-16777216
135,93,135,94,-16777216
135,94,134,95,-16777216
134,95,133,97,-16777216
133,97,133,98,-16777216
133,98,133,99,-16777216
133,99,133,101,-16777216
133,101,133,102,-16777216
133,102,133,103,-16777216
133,103,133,104,-16777216
133,104,132,105,-16777216
132,105,132,106,-16777216
132,106,132,107,-16777216
132,107,131,108,-16777216
131,108,131,109,-16777216
131,109,131,110,-16777216
131,110,131,111,-16777216
131,111,131,112,-16777216
131,112,131,113,-16777216
131,113,131,114,-16777216
131,114,131,116,-16777216
131,116,131,117,-16777216
131,117,131,118,-16777216
131,118,131,119,-16777216
131,119,131,120,-16777216
131,120,131,121,-16777216
131,121,131,122,-16777216
131,122,131,124,-16777216
131,124,131,125,-16777216
131,125,131,126,-16777216
131,126,131,127,-16777216
131,127,131,129,-16777216
131,129,130,131,-16777216
130,131,130,132,-16777216
130,132,130,134,-16777216
130,134,128,135,-16777216
128,135,128,136,-16777216
128,136,128,137,-16777216
128,137,128,138,-16777216
128,138,128,139,-16777216
128,139,128,140,-16777216
128,140,128,141,-16777216
128,141,128,142,-16777216
128,142,128,143,-16777216
128,143,128,144,-16777216
128,144,128,145,-16777216
128,145,128,146,-16777216
128,146,128,147,-16777216
128,147,129,148,-16777216
129,148,129,149,-16777216
129,149,130,150,-16777216
130,150,131,152,-16777216
131,152,132,153,-16777216
371,137,371,136,-16777216
371,136,371,135,-16777216
371,135,371,134,-16777216
371,134,371,133,-16777216
371,133,371,132,-16777216
371,132,373,130,-16777216
373,130,373,128,-16777216
373,128,374,128,-16777216
374,128,374,126,-16777216
374,126,374,125,-16777216
374,125,374,124,-16777216
374,124,376,123,-16777216
376,123,376,122,-16777216
376,122,376,121,-16777216
376,121,377,120,-16777216
377,120,378,118,-16777216
378,118,378,115,-16777216
378,115,379,115,-16777216
379,115,380,114,-16777216
380,114,380,113,-16777216
380,113,380,112,-16777216
380,112,380,111,-16777216
380,111,381,110,-16777216
381,110,381,109,-16777216
381,109,382,108,-16777216
382,108,383,106,-16777216
383,106,383,105,-16777216
383,105,384,103,-16777216
384,103,384,102,-16777216
384,102,385,100,-16777216
385,100,386,99,-16777216
386,99,386,97,-16777216
386,97,387,96,-16777216
387,96,387,94,-16777216
387,94,387,93,-16777216
387,93,387,92,-16777216
387,92,387,91,-16777216
387,91,389,90,-16777216
389,90,389,89,-16777216
389,89,389,88,-16777216
389,88,389,87,-16777216
389,87,390,85,-16777216
390,85,390,83,-16777216
390,83,393,81,-16777216
393,81,393,80,-16777216
393,80,393,79,-16777216
393,79,394,78,-16777216
394,78,394,77,-16777216
394,77,395,75,-16777216
395,75,395,74,-16777216
395,74,396,74,-16777216
396,74,396,73,-16777216
396,73,397,72,-16777216
397,72,398,70,-16777216
398,70,399,70,-16777216
399,70,400,69,-16777216
400,69,400,68,-16777216
400,68,401,66,-16777216
401,66,401,65,-16777216
401,65,402,64,-16777216
402,64,403,63,-16777216
403,63,403,62,-16777216
403,62,404,62,-16777216
404,62,404,61,-16777216
404,61,405,60,-16777216
405,60,406,59,-16777216
406,59,407,58,-16777216
407,58,407,57,-16777216
407,57,408,57,-16777216
408,57,408,56,-16777216
408,56,409,55,-16777216
409,55,409,54,-16777216
409,54,410,52,-16777216
410,52,411,52,-16777216
411,52,411,51,-16777216
411,51,412,50,-16777216
412,50,413,48,-16777216
413,48,414,47,-16777216
414,47,415,46,-16777216
415,46,415,45,-16777216
415,45,416,44,-16777216
416,44,417,43,-16777216
417,43,418,43,-16777216
418,43,418,42,-16777216
418,42,419,41,-16777216
419,41,420,41,-16777216
420,41,421,43,-16777216
421,43,422,44,-16777216
422,44,423,47,-16777216
423,47,424,47,-16777216
424,47,424,48,-16777216
424,48,424,49,-16777216
424,49,424,50,-16777216
424,50,426,51,-16777216
426,51,427,53,-16777216
427,53,427,54,-16777216
427,54,429,57,-16777216
429,57,430,58,-16777216
430,58,431,60,-16777216
431,60,432,61,-16777216
432,61,433,61,-16777216
433,61,433,62,-16777216
433,62,434,62,-16777216
434,62,434,63,-16777216
434,63,435,64,-16777216
435,64,436,66,-16777216
436,66,436,67,-16777216
436,67,436,68,-16777216
436,68,437,69,-16777216
437,69,438,71,-16777216
438,71,439,73,-16777216
439,73,440,74,-16777216
440,74,440,75,-16777216
440,75,440,76,-16777216
440,76,440,77,-16777216
440,77,440,78,-16777216
440,78,441,78,-16777216
441,78,441,79,-16777216
441,79,442,80,-16777216
442,80,442,81,-16777216
442,81,442,82,-16777216
442,82,443,82,-16777216
443,82,443,84,-16777216
443,84,443,85,-16777216
443,85,443,86,-16777216
443,86,443,87,-16777216
443,87,443,88,-16777216
443,88,443,89,-16777216
443,89,443,90,-16777216
443,90,443,91,-16777216
443,91,443,93,-16777216
443,93,443,94,-16777216
443,94,445,97,-16777216
445,97,445,98,-16777216
445,98,445,99,-16777216
445,99,445,100,-16777216
445,100,446,101,-16777216
446,101,446,103,-16777216
446,103,446,104,-16777216
446,104,446,106,-16777216
446,106,446,107,-16777216
446,107,446,108,-16777216
446,108,446,109,-16777216
446,109,446,110,-16777216
446,110,446,111,-16777216
446,111,447,112,-16777216
447,112,447,113,-16777216
447,113,447,114,-16777216
447,114,447,115,-16777216
447,115,447,116,-16777216
447,116,448,117,-16777216
448,117,448,118,-16777216
448,118,448,119,-16777216
448,119,448,120,-16777216
448,120,448,121,-16777216
448,121,448,122,-16777216
448,122,448,124,-16777216
448,124,448,125,-16777216
448,125,448,126,-16777216
448,126,448,127,-16777216
448,127,448,128,-16777216
448,128,448,129,-16777216
448,129,448,130,-16777216
448,130,448,131,-16777216
448,131,448,132,-16777216
448,132,449,133,-16777216
449,133,449,134,-16777216
449,134,449,135,-16777216
449,135,449,136,-16777216
449,136,449,137,-16777216
449,137,449,139,-16777216
449,139,449,140,-16777216
449,140,449,141,-16777216
449,141,449,142,-16777216
449,142,449,143,-16777216
449,143,449,144,-16777216
449,144,449,145,-16777216
449,145,449,146,-16777216
449,146,449,147,-16777216
449,147,449,148,-16777216
449,148,449,150,-16777216
249,241,249,240,-16777216
249,240,249,239,-16777216
249,239,249,238,-16777216
249,238,249,237,-16777216
249,237,249,236,-16777216
249,236,249,235,-16777216
249,235,249,234,-16777216
249,234,249,233,-16777216
249,233,249,232,-16777216
249,232,249,231,-16777216
249,231,249,230,-16777216
249,230,248,230,-16777216
248,230,248,229,-16777216
248,229,247,228,-16777216
247,228,246,227,-16777216
246,227,246,226,-16777216
246,226,245,226,-16777216
245,226,243,225,-16777216
243,225,242,224,-16777216
242,224,241,224,-16777216
241,224,240,224,-16777216
240,224,240,223,-16777216
240,223,239,223,-16777216
239,223,239,221,-16777216
239,221,238,221,-16777216
238,221,237,220,-16777216
237,220,236,220,-16777216
236,220,236,219,-16777216
236,219,235,219,-16777216
235,219,234,219,-16777216
234,219,234,218,-16777216
234,218,233,218,-16777216
233,218,232,217,-16777216
232,217,231,217,-16777216
231,217,231,216,-16777216
231,216,230,216,-16777216
230,216,229,216,-16777216
229,216,228,216,-16777216
228,216,228,215,-16777216
228,215,226,214,-16777216
226,214,225,214,-16777216
225,214,224,214,-16777216
224,214,222,213,-16777216
222,213,221,213,-16777216
221,213,220,213,-16777216
220,213,219,213,-16777216
219,213,218,213,-16777216
218,213,217,213,-16777216
217,213,216,213,-16777216
216,213,215,213,-16777216
215,213,214,213,-16777216
214,213,213,213,-16777216
213,213,212,213,-16777216
212,213,211,213,-16777216
211,213,210,213,-16777216
210,213,209,213,-16777216
209,213,208,213,-16777216
208,213,207,213,-16777216
207,213,205,213,-16777216
205,213,204,213,-16777216
204,213,202,213,-16777216
202,213,201,213,-16777216
201,213,199,213,-16777216
199,213,198,213,-16777216
198,213,197,213,-16777216
197,213,196,213,-16777216
196,213,195,213,-16777216
195,213,194,213,-16777216
194,213,193,213,-16777216
193,213,192,213,-16777216
192,213,191,213,-16777216
191,213,190,213,-16777216
190,213,189,213,-16777216
189,213,188,214,-16777216
188,214,187,214,-16777216
187,214,187,215,-16777216
187,215,187,216,-16777216
187,216,187,217,-16777216
187,217,187,218,-16777216
187,218,187,219,-16777216
187,219,187,220,-16777216
187,220,187,221,-16777216
187,221,187,222,-16777216
187,222,188,224,-16777216
188,224,188,225,-16777216
188,225,189,226,-16777216
189,226,190,227,-16777216
190,227,190,228,-16777216
190,228,190,229,-16777216
190,229,191,229,-16777216
191,229,191,230,-16777216
191,230,192,231,-16777216
192,231,192,232,-16777216
192,232,193,232,-16777216
193,232,193,233,-16777216
193,233,194,235,-16777216
194,235,196,236,-16777216
196,236,196,238,-16777216
196,238,197,238,-16777216
197,238,198,240,-16777216
198,240,199,240,-16777216
199,240,199,241,-16777216
199,241,201,241,-16777216
201,241,202,241,-16777216
202,241,203,243,-16777216
203,243,205,243,-16777216
205,243,207,243,-16777216
207,243,207,244,-16777216
207,244,208,244,-16777216
208,244,209,244,-16777216
209,244,210,246,-16777216
210,246,211,246,-16777216
211,246,212,246,-16777216
212,246,213,246,-16777216
213,246,213,247,-16777216
213,247,214,247,-16777216
214,247,216,247,-16777216
216,247,217,247,-16777216
217,247,219,247,-16777216
219,247,220,247,-16777216
220,247,221,247,-16777216
221,247,222,247,-16777216
222,247,223,247,-16777216
223,247,224,247,-16777216
224,247,225,247,-16777216
225,247,226,247,-16777216
226,247,227,247,-16777216
227,247,229,247,-16777216
229,247,230,247,-16777216
230,247,232,246,-16777216
232,246,233,245,-16777216
233,245,234,245,-16777216
234,245,234,244,-16777216
234,244,235,244,-16777216
235,244,235,243,-16777216
235,243,236,243,-16777216
236,243,236,242,-16777216
236,242,237,242,-16777216
237,242,238,242,-16777216
238,242,239,240,-16777216
239,240,240,239,-16777216
240,239,240,238,-16777216
240,238,241,238,-16777216
241,238,241,237,-16777216
241,237,242,236,-16777216
242,236,242,235,-16777216
242,235,243,235,-16777216
243,235,244,235,-16777216
244,235,244,234,-16777216
323,233,324,233,-16777216
324,233,324,232,-16777216
324,232,324,231,-16777216
324,231,325,229,-16777216
325,229,326,228,-16777216
326,228,326,226,-16777216
326,226,326,225,-16777216
326,225,326,223,-16777216
326,223,326,222,-16777216
326,222,326,220,-16777216
326,220,327,220,-16777216
327,220,328,219,-16777216
328,219,329,218,-16777216
329,218,330,217,-16777216
330,217,330,216,-16777216
330,216,331,216,-16777216
331,216,332,216,-16777216
332,216,332,215,-16777216
332,215,334,215,-16777216
334,215,335,214,-16777216
335,214,335,213,-16777216
335,213,336,213,-16777216
336,213,337,212,-16777216
337,212,338,212,-16777216
338,212,339,212,-16777216
339,212,339,211,-16777216
339,211,340,211,-16777216
340,211,341,211,-16777216
341,211,342,211,-16777216
342,211,343,210,-16777216
343,210,344,210,-16777216
344,210,345,210,-16777216
345,210,346,210,-16777216
346,210,347,210,-16777216
347,210,348,209,-16777216
348,209,349,209,-16777216
349,209,350,209,-16777216
350,209,351,208,-16777216
351,208,352,208,-16777216
352,208,353,208,-16777216
353,208,354,208,-16777216
354,208,355,208,-16777216
355,208,356,208,-16777216
356,208,357,208,-16777216
357,208,358,208,-16777216
358,208,359,208,-16777216
359,208,360,208,-16777216
360,208,361,207,-16777216
361,207,362,207,-16777216
362,207,363,207,-16777216
363,207,364,207,-16777216
364,207,365,207,-16777216
365,207,366,207,-16777216
366,207,367,207,-16777216
367,207,369,207,-16777216
369,207,370,207,-16777216
370,207,372,207,-16777216
372,207,373,207,-16777216
373,207,374,207,-16777216
374,207,375,207,-16777216
375,207,376,207,-16777216
376,207,376,208,-16777216
376,208,377,208,-16777216
377,208,377,209,-16777216
377,209,378,209,-16777216
378,209,378,210,-16777216
378,210,378,211,-16777216
378,211,378,212,-16777216
378,212,379,214,-16777216
379,214,379,216,-16777216
379,216,379,217,-16777216
379,217,379,218,-16777216
379,218,379,219,-16777216
379,219,379,220,-16777216
379,220,379,222,-16777216
379,222,378,223,-16777216
378,223,377,225,-16777216
377,225,376,226,-16777216
376,226,375,227,-16777216
375,227,375,228,-16777216
375,228,374,229,-16777216
374,229,373,230,-16777216
373,230,373,231,-16777216
373,231,372,231,-16777216
372,231,372,232,-16777216
372,232,371,233,-16777216
371,233,370,233,-16777216
370,233,369,234,-16777216
369,234,368,235,-16777216
368,235,367,235,-16777216
367,235,366,236,-16777216
366,236,364,237,-16777216
364,237,363,237,-16777216
363,237,363,238,-16777216
363,238,362,238,-16777216
362,238,361,238,-16777216
361,238,360,239,-16777216
360,239,359,240,-16777216
359,240,358,240,-16777216
358,240,357,240,-16777216
357,240,356,241,-16777216
356,241,355,241,-16777216
355,241,354,241,-16777216
354,241,353,241,-16777216
353,241,351,242,-16777216
351,242,350,242,-16777216
350,242,349,242,-16777216
349,242,348,243,-16777216
348,243,347,243,-16777216
347,243,346,243,-16777216
346,243,345,243,-16777216
345,243,344,243,-16777216
344,243,343,243,-16777216
343,243,342,243,-16777216
342,243,341,243,-16777216
341,243,340,243,-16777216
340,243,339,242,-16777216
339,242,338,242,-16777216
338,242,337,242,-16777216
337,242,337,241,-16777216
337,241,336,241,-16777216
336,241,336,240,-16777216
336,240,335,240,-16777216
335,240,334,240,-16777216
334,240,333,240,-16777216
333,240,333,239,-16777216
333,239,332,239,-16777216
332,239,331,238,-16777216
331,238,330,237,-16777216
330,237,329,237,-16777216
329,237,328,236,-16777216
328,236,327,236,-16777216
327,236,327,235,-16777216
327,235,326,235,-16777216
326,235,326,234,-16777216
282,262,282,261,-16777216
282,261,283,261,-16777216
283,261,284,260,-16777216
284,260,285,260,-16777216
285,260,286,260,-16777216
286,260,287,260,-16777216
287,260,288,260,-16777216
288,260,289,260,-16777216
289,260,290,260,-16777216
290,260,291,260,-16777216
291,260,292,260,-16777216
292,260,293,259,-16777216
293,259,294,259,-16777216
294,259,295,259,-16777216
295,259,296,259,-16777216
296,259,296,258,-16777216
296,258,297,258,-16777216
297,258,298,258,-16777216
298,258,299,258,-16777216
299,258,301,258,-16777216
301,258,301,259,-16777216
301,259,301,260,-16777216
301,260,301,261,-16777216
301,261,301,262,-16777216
301,262,301,263,-16777216
301,263,301,264,-16777216
301,264,301,265,-16777216
301,265,301,266,-16777216
301,266,301,267,-16777216
301,267,301,268,-16777216
301,268,301,269,-16777216
301,269,300,271,-16777216
300,271,300,272,-16777216
300,272,299,272,-16777216
299,272,299,273,-16777216
299,273,299,274,-16777216
299,274,299,275,-16777216
299,275,298,275,-16777216
298,275,298,276,-16777216
298,276,297,277,-16777216
297,277,296,277,-16777216
296,277,296,278,-16777216
296,278,296,279,-16777216
296,279,295,279,-16777216
295,279,294,279,-16777216
294,279,293,279,-16777216
293,279,292,279,-16777216
292,279,291,279,-16777216
291,279,290,278,-16777216
290,278,287,277,-16777216
287,277,287,276,-16777216
287,276,286,276,-16777216
286,276,285,275,-16777216
285,275,284,274,-16777216
284,274,284,272,-16777216
284,272,283,272,-16777216
283,272,283,271,-16777216
283,271,282,269,-16777216
282,269,281,267,-16777216
281,267,281,266,-16777216
281,266,281,264,-16777216
281,264,281,263,-16777216
281,263,281,262,-16777216
281,262,282,262,-16777216
282,262,284,261,-16777216
284,261,285,261,-16777216
285,261,286,261,-16777216
286,261,287,260,-16777216
287,260,288,260,-16777216
288,260,289,260,-16777216
289,260,290,260,-16777216
215,305,215,306,-16777216
215,306,215,307,-16777216
215,307,216,307,-16777216
216,307,217,307,-16777216
217,307,217,308,-16777216
217,308,218,308,-16777216
218,308,220,308,-16777216
220,308,222,308,-16777216
222,308,223,310,-16777216
223,310,224,310,-16777216
224,310,225,310,-16777216
225,310,225,311,-16777216
225,311,226,311,-16777216
226,311,227,312,-16777216
227,312,228,312,-16777216
228,312,229,312,-16777216
229,312,230,312,-16777216
230,312,231,313,-16777216
231,313,232,313,-16777216
232,313,233,313,-16777216
233,313,234,313,-16777216
234,313,235,314,-16777216
235,314,236,314,-16777216
236,314,237,314,-16777216
237,314,237,315,-16777216
237,315,238,315,-16777216
238,315,239,315,-16777216
239,315,240,315,-16777216
240,315,241,315,-16777216
241,315,242,315,-16777216
242,315,243,315,-16777216
243,315,244,316,-16777216
244,316,245,316,-16777216
245,316,246,316,-16777216
246,316,247,316,-16777216
247,316,248,316,-16777216
248,316,249,316,-16777216
249,316,250,316,-16777216
250,316,251,316,-16777216
251,316,252,316,-16777216
252,316,253,316,-16777216
253,316,254,316,-16777216
254,316,255,316,-16777216
255,316,256,316,-16777216
256,316,257,316,-16777216
257,316,258,316,-16777216
258,316,259,316,-16777216
259,316,260,316,-16777216
260,316,261,316,-16777216
261,316,262,316,-16777216
262,316,263,316,-16777216
263,316,264,316,-16777216
264,316,265,316,-16777216
265,316,266,316,-16777216
266,316,267,316,-16777216
267,316,268,316,-16777216
268,316,269,316,-16777216
269,316,270,316,-16777216
270,316,270,315,-16777216
270,315,271,315,-16777216
271,315,272,314,-16777216
272,314,273,314,-16777216
273,314,273,313,-16777216
273,313,275,313,-16777216
275,313,276,313,-16777216
276,313,278,312,-16777216
278,312,279,311,-16777216
279,311,280,310,-16777216
280,310,281,310,-16777216
281,310,282,309,-16777216
282,309,283,308,-16777216
283,308,284,307,-16777216
284,307,285,307,-16777216
285,307,285,306,-16777216
285,306,285,305,-16777216
285,305,286,304,-16777216
286,304,286,303,-16777216
286,303,287,303,-16777216
287,303,287,302,-16777216
287,302,287,301,-16777216
287,301,288,300,-16777216
288,300,289,300,-16777216
289,300,289,299,-16777216
289,299,289,301,-16777216
289,301,289,302,-16777216
289,302,290,303,-16777216
290,303,291,304,-16777216
291,304,292,304,-16777216
292,304,292,305,-16777216
292,305,293,306,-16777216
293,306,294,306,-16777216
294,306,295,307,-16777216
295,307,296,307,-16777216
296,307,296,308,-16777216
296,308,297,308,-16777216
297,308,298,308,-16777216
298,308,299,308,-16777216
299,308,300,309,-16777216
300,309,301,309,-16777216
301,309,303,310,-16777216
303,310,303,311,-16777216
303,311,304,311,-16777216
304,311,305,311,-16777216
305,311,306,311,-16777216
306,311,307,311,-16777216
307,311,308,311,-16777216
308,311,309,312,-16777216
309,312,310,312,-16777216
310,312,311,312,-16777216
311,312,312,313,-16777216
312,313,313,313,-16777216
313,313,314,313,-16777216
314,313,315,313,-16777216
315,313,316,313,-16777216
316,313,317,313,-16777216
317,313,318,313,-16777216
318,313,319,313,-16777216
319,313,320,313,-16777216
320,313,321,313,-16777216
321,313,322,313,-16777216
322,313,323,313,-16777216
323,313,324,313,-16777216
324,313,325,313,-16777216
325,313,326,313,-16777216
326,313,327,313,-16777216
327,313,329,313,-16777216
329,313,330,313,-16777216
330,313,331,313,-16777216
331,313,332,313,-16777216
332,313,333,313,-16777216
333,313,334,313,-16777216
334,313,335,313,-16777216
335,313,336,313,-16777216
336,313,337,313,-16777216
337,313,338,313,-16777216
338,313,339,313,-16777216
339,313,340,313,-16777216
340,313,341,313,-16777216
341,313,342,313,-16777216
342,313,343,313,-16777216
343,313,344,313,-16777216
344,313,346,311,-16777216
346,311,347,311,-16777216
347,311,349,311,-16777216
349,311,351,310,-16777216
351,310,352,310,-16777216
352,310,353,310,-16777216
353,310,354,309,-16777216
354,309,355,309,-16777216
355,309,355,308,-16777216
355,308,357,308,-16777216
357,308,357,307,-16777216
357,307,358,306,-16777216
358,306,360,306,-16777216
360,306,360,305,-16777216
360,305,361,305,-16777216
361,305,362,304,-16777216
362,304,363,304,-16777216
363,304,364,303,-16777216
364,303,364,302,-16777216
364,302,365,302,-16777216
365,302,366,301,-16777216
366,301,366,300,-16777216
366,300,366,299,-16777216
167,266,166,266,-16777216
166,266,164,264,-16777216
164,264,163,263,-16777216
163,263,161,261,-16777216
161,261,159,259,-16777216
159,259,158,258,-16777216
158,258,157,257,-16777216
157,257,156,256,-16777216
156,256,155,255,-16777216
155,255,154,254,-16777216
154,254,154,253,-16777216
154,253,152,253,-16777216
152,253,152,252,-16777216
152,252,150,252,-16777216
150,252,149,251,-16777216
149,251,148,250,-16777216
148,250,147,250,-16777216
147,250,147,249,-16777216
147,249,146,249,-16777216
146,249,143,247,-16777216
143,247,142,246,-16777216
142,246,140,246,-16777216
140,246,139,246,-16777216
139,246,137,244,-16777216
137,244,136,243,-16777216
136,243,135,243,-16777216
135,243,134,242,-16777216
134,242,132,241,-16777216
132,241,129,240,-16777216
129,240,126,239,-16777216
126,239,124,237,-16777216
124,237,122,237,-16777216
122,237,118,236,-16777216
118,236,115,235,-16777216
115,235,113,233,-16777216
113,233,110,232,-16777216
110,232,107,232,-16777216
107,232,104,231,-16777216
104,231,99,229,-16777216
99,229,98,229,-16777216
98,229,97,229,-16777216
97,229,96,229,-16777216
96,229,95,229,-16777216
95,229,93,229,-16777216
93,229,89,229,-16777216
89,229,82,229,-16777216
82,229,73,229,-16777216
73,229,63,229,-16777216
63,229,54,229,-16777216
54,229,46,229,-16777216
46,229,38,229,-16777216
38,229,31,229,-16777216
31,229,27,229,-16777216
27,229,23,229,-16777216
23,229,20,229,-16777216
20,229,17,229,-16777216
17,229,15,229,-16777216
15,229,13,229,-16777216
13,229,11,229,-16777216
11,229,9,230,-16777216
9,230,6,230,-16777216
6,230,5,230,-16777216
5,230,1,232,-16777216
1,232,1,233,-16777216
1,233,0,233,-16777216
0,233,-1,233,-16777216
159,277,158,275,-16777216
158,275,157,275,-16777216
157,275,156,275,-16777216
156,275,155,275,-16777216
155,275,153,275,-16777216
153,275,152,275,-16777216
152,275,151,275,-16777216
151,275,150,275,-16777216
150,275,149,275,-16777216
149,275,147,275,-16777216
147,275,145,275,-16777216
145,275,144,275,-16777216
144,275,143,275,-16777216
143,275,142,275,-16777216
142,275,140,275,-16777216
140,275,139,275,-16777216
139,275,136,274,-16777216
136,274,134,274,-16777216
134,274,132,273,-16777216
132,273,130,273,-16777216
130,273,128,273,-16777216
128,273,126,273,-16777216
126,273,124,273,-16777216
124,273,123,273,-16777216
123,273,122,273,-16777216
122,273,120,273,-16777216
120,273,119,273,-16777216
119,273,116,273,-16777216
116,273,115,273,-16777216
115,273,112,273,-16777216
112,273,111,273,-16777216
111,273,110,273,-16777216
110,273,107,274,-16777216
107,274,105,275,-16777216
105,275,103,275,-16777216
103,275,101,276,-16777216
101,276,99,277,-16777216
99,277,95,279,-16777216
95,279,94,280,-16777216
94,280,90,281,-16777216
90,281,87,283,-16777216
87,283,86,284,-16777216
86,284,82,285,-16777216
82,285,80,287,-16777216
80,287,79,287,-16777216
79,287,75,289,-16777216
75,289,73,291,-16777216
73,291,67,292,-16777216
67,292,61,295,-16777216
61,295,60,296,-16777216
60,296,58,297,-16777216
58,297,56,298,-16777216
56,298,54,299,-16777216
54,299,53,300,-16777216
53,300,51,301,-16777216
155,290,154,291,-16777216
154,291,152,292,-16777216
152,292,149,293,-16777216
149,293,148,295,-16777216
148,295,146,295,-16777216
146,295,146,296,-16777216
146,296,145,296,-16777216
145,296,144,297,-16777216
144,297,143,298,-16777216
143,298,142,299,-16777216
142,299,141,300,-16777216
141,300,140,301,-16777216
140,301,138,302,-16777216
138,302,137,303,-16777216
137,303,135,304,-16777216
135,304,131,307,-16777216
131,307,129,308,-16777216
129,308,127,309,-16777216
127,309,123,312,-16777216
123,312,121,312,-16777216
121,312,117,314,-16777216
117,314,115,315,-16777216
115,315,114,316,-16777216
114,316,113,317,-16777216
113,317,111,318,-16777216
111,318,110,319,-16777216
110,319,108,320,-16777216
108,320,108,322,-16777216
108,322,106,323,-16777216
106,323,105,324,-16777216
105,324,105,325,-16777216
105,325,104,326,-16777216
104,326,104,328,-16777216
104,328,102,330,-16777216
102,330,101,332,-16777216
101,332,101,333,-16777216
101,333,99,336,-16777216
99,336,98,337,-16777216
98,337,98,338,-16777216
98,338,98,341,-16777216
98,341,97,343,-16777216
97,343,96,345,-16777216
96,345,96,346,-16777216
96,346,96,347,-16777216
96,347,95,347,-16777216
95,347,95,349,-16777216
95,349,95,350,-16777216
387,252,388,252,-16777216
388,252,388,251,-16777216
388,251,389,250,-16777216
389,250,390,248,-16777216
390,248,391,248,-16777216
391,248,391,247,-16777216
391,247,393,245,-16777216
393,245,394,244,-16777216
394,244,395,242,-16777216
395,242,397,240,-16777216
397,240,397,239,-16777216
397,239,399,238,-16777216
399,238,400,237,-16777216
400,237,404,234,-16777216
404,234,405,234,-16777216
405,234,408,233,-16777216
408,233,410,232,-16777216
410,232,411,232,-16777216
411,232,414,231,-16777216
414,231,416,231,-16777216
416,231,418,230,-16777216
418,230,420,230,-16777216
420,230,421,230,-16777216
421,230,421,229,-16777216
421,229,425,229,-16777216
425,229,428,227,-16777216
428,227,433,225,-16777216
433,225,437,225,-16777216
437,225,440,225,-16777216
440,225,444,224,-16777216
444,224,449,223,-16777216
449,223,451,223,-16777216
451,223,454,223,-16777216
454,223,457,222,-16777216
457,222,460,221,-16777216
460,221,462,220,-16777216
462,220,465,220,-16777216
465,220,467,218,-16777216
467,218,469,217,-16777216
469,217,472,217,-16777216
472,217,476,217,-16777216
476,217,477,217,-16777216
477,217,479,217,-16777216
479,217,480,217,-16777216
480,217,482,215,-16777216
482,215,483,215,-16777216
483,215,485,215,-16777216
485,215,486,215,-16777216
486,215,487,215,-16777216
487,215,488,215,-16777216
488,215,489,215,-16777216
489,215,492,215,-16777216
492,215,495,215,-16777216
495,215,497,215,-16777216
497,215,500,215,-16777216
500,215,501,215,-16777216
501,215,502,215,-16777216
502,215,503,215,-16777216
503,215,504,215,-16777216
504,215,505,216,-16777216
505,216,506,216,-16777216
506,216,508,217,-16777216
508,217,510,218,-16777216
510,218,512,218,-16777216
512,218,516,219,-16777216
516,219,522,222,-16777216
522,222,528,223,-16777216
528,223,531,224,-16777216
531,224,533,224,-16777216
533,224,534,224,-16777216
417,260,419,260,-16777216
419,260,421,260,-16777216
421,260,423,260,-16777216
423,260,424,260,-16777216
424,260,427,260,-16777216
427,260,428,260,-16777216
428,260,429,260,-16777216
429,260,431,260,-16777216
431,260,434,260,-16777216
434,260,437,260,-16777216
437,260,439,260,-16777216
439,260,441,260,-16777216
441,260,443,260,-16777216
443,260,445,260,-16777216
445,260,447,260,-16777216
447,260,448,260,-16777216
448,260,449,260,-16777216
449,260,451,260,-16777216
451,260,453,260,-16777216
453,260,454,260,-16777216
454,260,455,261,-16777216
455,261,457,261,-16777216
457,261,459,261,-16777216
459,261,461,261,-16777216
461,261,462,261,-16777216
462,261,464,261,-16777216
464,261,466,261,-16777216
466,261,468,261,-16777216
468,261,469,262,-16777216
469,262,471,262,-16777216
471,262,472,262,-16777216
472,262,473,262,-16777216
473,262,474,262,-16777216
474,262,476,262,-16777216
476,262,478,264,-16777216
478,264,481,264,-16777216
481,264,484,265,-16777216
484,265,486,266,-16777216
486,266,489,267,-16777216
489,267,492,268,-16777216
492,268,494,269,-16777216
494,269,496,269,-16777216
496,269,497,269,-16777216
497,269,499,271,-16777216
499,271,501,271,-16777216
501,271,503,272,-16777216
503,272,506,273,-16777216
506,273,511,275,-16777216
511,275,515,277,-16777216
515,277,522,280,-16777216
522,280,525,280,-16777216
525,280,528,282,-16777216
528,282,530,283,-16777216
530,283,531,284,-16777216
531,284,532,285,-16777216
532,285,533,286,-16777216
533,286,534,287,-16777216
534,287,535,288,-16777216
535,288,536,289,-16777216
536,289,538,291,-16777216
538,291,539,292,-16777216
539,292,539,293,-16777216
421,296,422,296,-16777216
422,296,424,296,-16777216
424,296,425,296,-16777216
425,296,427,298,-16777216
427,298,429,298,-16777216
429,298,432,298,-16777216
432,298,434,299,-16777216
434,299,438,300,-16777216
438,300,440,301,-16777216
440,301,443,302,-16777216
443,302,444,302,-16777216
444,302,445,303,-16777216
445,303,447,303,-16777216
447,303,449,305,-16777216
449,305,451,306,-16777216
451,306,455,307,-16777216
455,307,460,309,-16777216
460,309,463,311,-16777216
463,311,468,312,-16777216
468,312,471,314,-16777216
471,314,474,315,-16777216
474,315,475,316,-16777216
475,316,477,316,-16777216
477,316,477,317,-16777216
477,317,479,318,-16777216
479,318,481,319,-16777216
481,319,483,321,-16777216
483,321,485,323,-16777216
485,323,488,324,-16777216
488,324,489,326,-16777216
489,326,492,328,-16777216
492,328,494,329,-16777216
494,329,496,330,-16777216
205,212,204,212,-16777216
204,212,202,212,-16777216
202,212,201,212,-16777216
201,212,200,212,-16777216
200,212,199,213,-16777216
199,213,198,213,-16777216
198,213,198,214,-16777216
198,214,197,214,-16777216
197,214,197,215,-16777216
197,215,196,215,-16777216
196,215,196,216,-16777216
196,216,195,217,-16777216
195,217,194,217,-16777216
194,217,194,218,-16777216
194,218,194,219,-16777216
194,219,193,220,-16777216
193,220,193,221,-16777216
193,221,193,222,-16777216
193,222,193,223,-16777216
193,223,192,224,-16777216
192,224,192,225,-16777216
192,225,192,226,-16777216
192,226,192,227,-16777216
192,227,193,227,-16777216
193,227,193,228,-16777216
193,228,193,229,-16777216
193,229,193,230,-16777216
193,230,193,231,-16777216
193,231,194,232,-16777216
194,232,195,233,-16777216
195,233,196,234,-16777216
196,234,197,234,-16777216
197,234,198,235,-16777216
198,235,199,235,-16777216
199,235,200,236,-16777216
200,236,201,236,-16777216
201,236,201,237,-16777216
201,237,202,238,-16777216
202,238,203,238,-16777216
203,238,204,239,-16777216
204,239,205,240,-16777216
205,240,205,241,-16777216
205,241,206,241,-16777216
206,241,207,241,-16777216
207,241,208,242,-16777216
208,242,209,243,-16777216
209,243,210,243,-16777216
210,243,210,244,-16777216
210,244,211,244,-16777216
211,244,212,244,-16777216
212,244,213,244,-16777216
213,244,214,245,-16777216
214,245,215,245,-16777216
215,245,216,245,-16777216
216,245,217,245,-16777216
217,245,218,245,-16777216
218,245,219,245,-16777216
219,245,220,245,-16777216
220,245,221,245,-16777216
221,245,222,245,-16777216
222,245,223,245,-16777216
223,245,224,245,-16777216
224,245,225,245,-16777216
225,245,226,245,-16777216
226,245,227,245,-16777216
227,245,228,244,-16777216
228,244,228,243,-16777216
228,243,229,242,-16777216
229,242,229,241,-16777216
229,241,230,240,-16777216
230,240,230,239,-16777216
230,239,231,238,-16777216
231,238,231,237,-16777216
231,237,232,237,-16777216
232,237,232,236,-16777216
232,236,232,235,-16777216
232,235,233,234,-16777216
233,234,234,234,-16777216
234,234,234,233,-16777216
234,233,234,232,-16777216
234,232,234,230,-16777216
234,230,234,229,-16777216
234,229,234,227,-16777216
234,227,234,225,-16777216
234,225,233,224,-16777216
233,224,233,223,-16777216
233,223,232,222,-16777216
232,222,231,222,-16777216
231,222,230,222,-16777216
230,222,229,221,-16777216
229,221,229,220,-16777216
229,220,228,220,-16777216
228,220,228,219,-16777216
228,219,226,218,-16777216
226,218,225,218,-16777216
225,218,225,217,-16777216
225,217,224,217,-16777216
224,217,223,217,-16777216
223,217,221,217,-16777216
221,217,220,217,-16777216
220,217,218,216,-16777216
218,216,216,215,-16777216
216,215,215,215,-16777216
215,215,214,214,-16777216
214,214,213,214,-16777216
213,214,212,213,-16777216
212,213,211,213,-16777216
211,213,210,213,-16777216
210,213,209,213,-16777216
209,213,208,212,-16777216
208,212,207,212,-16777216
207,212,206,212,-16777216
206,212,205,212,-16777216
338,214,338,213,-16777216
338,213,337,213,-16777216
337,213,336,213,-16777216
336,213,335,213,-16777216
335,213,334,213,-16777216
334,213,334,214,-16777216
334,214,334,215,-16777216
334,215,333,215,-16777216
333,215,333,216,-16777216
333,216,333,217,-16777216
333,217,333,218,-16777216
333,218,332,218,-16777216
332,218,332,219,-16777216
332,219,332,220,-16777216
332,220,332,221,-16777216
332,221,331,222,-16777216
331,222,331,223,-16777216
331,223,330,225,-16777216
330,225,330,226,-16777216
330,226,330,227,-16777216
330,227,330,228,-16777216
330,228,330,230,-16777216
330,230,330,231,-16777216
330,231,330,232,-16777216
330,232,330,233,-16777216
330,233,330,234,-16777216
330,234,330,235,-16777216
330,235,330,236,-16777216
330,236,330,237,-16777216
330,237,330,238,-16777216
330,238,330,239,-16777216
330,239,331,240,-16777216
331,240,332,240,-16777216
332,240,333,241,-16777216
333,241,334,241,-16777216
334,241,335,242,-16777216
335,242,335,243,-16777216
335,243,336,243,-16777216
336,243,337,243,-16777216
337,243,339,243,-16777216
339,243,340,243,-16777216
340,243,340,244,-16777216
340,244,341,244,-16777216
341,244,342,244,-16777216
342,244,343,244,-16777216
343,244,344,244,-16777216
344,244,345,244,-16777216
345,244,346,244,-16777216
346,244,347,244,-16777216
347,244,348,244,-16777216
348,244,349,244,-16777216
349,244,350,244,-16777216
350,244,351,244,-16777216
351,244,352,244,-16777216
352,244,353,243,-16777216
353,243,354,242,-16777216
354,242,355,242,-16777216
355,242,356,242,-16777216
356,242,357,241,-16777216
357,241,358,240,-16777216
358,240,359,239,-16777216
359,239,360,239,-16777216
360,239,361,238,-16777216
361,238,362,237,-16777216
362,237,363,236,-16777216
363,236,364,235,-16777216
364,235,364,234,-16777216
364,234,364,233,-16777216
364,233,364,232,-16777216
364,232,364,231,-16777216
364,231,364,230,-16777216
364,230,364,229,-16777216
364,229,364,228,-16777216
364,228,365,228,-16777216
365,228,365,227,-16777216
365,227,365,226,-16777216
365,226,365,225,-16777216
365,225,365,224,-16777216
365,224,365,223,-16777216
365,223,365,222,-16777216
365,222,365,221,-16777216
365,221,365,220,-16777216
365,220,365,219,-16777216
365,219,363,219,-16777216
363,219,363,218,-16777216
363,218,362,217,-16777216
362,217,362,216,-16777216
362,216,361,216,-16777216
361,216,360,214,-16777216
360,214,359,214,-16777216
359,214,359,213,-16777216
359,213,358,213,-16777216
358,213,358,212,-16777216
358,212,357,211,-16777216
357,211,355,210,-16777216
355,210,354,210,-16777216
354,210,352,210,-16777216
352,210,351,210,-16777216
351,210,349,210,-16777216
349,210,348,210,-16777216
348,210,347,211,-16777216
347,211,346,211,-16777216
346,211,345,211,-16777216
345,211,344,212,-16777216
168,333,169,334,-16777216
169,334,170,335,-16777216
170,335,171,336,-16777216
171,336,172,336,-16777216
172,336,172,337,-16777216
172,337,173,337,-16777216
173,337,173,338,-16777216
173,338,174,338,-16777216
174,338,175,339,-16777216
175,339,176,340,-16777216
176,340,177,341,-16777216
177,341,178,341,-16777216
178,341,178,342,-16777216
178,342,179,343,-16777216
179,343,180,344,-16777216
180,344,181,344,-16777216
181,344,183,345,-16777216
183,345,184,346,-16777216
184,346,185,346,-16777216
185,346,185,347,-16777216
185,347,186,347,-16777216
186,347,186,348,-16777216
186,348,188,349,-16777216
188,349,188,350,-16777216
188,350,189,350,-16777216
189,350,189,351,-16777216
189,351,190,351,-16777216
190,351,190,352,-16777216
190,352,191,352,-16777216
191,352,192,353,-16777216
192,353,193,353,-16777216
193,353,193,354,-16777216
193,354,195,355,-16777216
195,355,196,355,-16777216
196,355,196,356,-16777216
196,356,197,356,-16777216
197,356,198,356,-16777216
198,356,199,357,-16777216
199,357,200,358,-16777216
200,358,201,358,-16777216
201,358,202,359,-16777216
202,359,204,359,-16777216
204,359,206,360,-16777216
206,360,207,360,-16777216
207,360,208,362,-16777216
208,362,210,362,-16777216
210,362,211,362,-16777216
211,362,212,363,-16777216
212,363,214,363,-16777216
214,363,215,363,-16777216
215,363,216,363,-16777216
216,363,217,363,-16777216
217,363,218,364,-16777216
218,364,219,365,-16777216
219,365,220,365,-16777216
220,365,221,365,-16777216
221,365,222,366,-16777216
222,366,224,366,-16777216
224,366,225,366,-16777216
225,366,226,366,-16777216
226,366,227,366,-16777216
227,366,228,366,-16777216
228,366,230,366,-16777216
230,366,231,368,-16777216
231,368,232,368,-16777216
232,368,233,368,-16777216
233,368,234,368,-16777216
234,368,235,368,-16777216
235,368,236,368,-16777216
236,368,237,368,-16777216
237,368,238,368,-16777216
238,368,240,368,-16777216
240,368,241,368,-16777216
241,368,242,368,-16777216
242,368,243,368,-16777216
243,368,244,368,-16777216
244,368,246,368,-16777216
246,368,247,368,-16777216
247,368,248,369,-16777216
248,369,249,369,-16777216
249,369,250,369,-16777216
250,369,251,369,-16777216
251,369,252,369,-16777216
252,369,253,369,-16777216
253,369,254,369,-16777216
254,369,255,369,-16777216
255,369,256,369,-16777216
256,369,257,369,-16777216
257,369,258,369,-16777216
258,369,259,369,-16777216
259,369,260,369,-16777216
260,369,262,369,-16777216
262,369,263,369,-16777216
263,369,264,369,-16777216
264,369,265,369,-16777216
265,369,267,369,-16777216
267,369,268,369,-16777216
268,369,270,369,-16777216
270,369,272,369,-16777216
272,369,274,369,-16777216
274,369,275,369,-16777216
275,369,278,369,-16777216
278,369,280,369,-16777216
280,369,287,369,-16777216
287,369,295,369,-16777216
295,369,299,369,-16777216
299,369,303,369,-16777216
303,369,305,369,-16777216
305,369,307,369,-16777216
307,369,308,369,-16777216
308,369,310,369,-16777216
310,369,311,369,-16777216
311,369,313,369,-16777216
313,369,314,369,-16777216
314,369,316,369,-16777216
316,369,317,369,-16777216
317,369,319,369,-16777216
319,369,320,369,-16777216
320,369,321,369,-16777216
321,369,323,369,-16777216
323,369,324,369,-16777216
324,369,326,368,-16777216
326,368,327,368,-16777216
327,368,329,368,-16777216
329,368,331,367,-16777216
331,367,333,367,-16777216
333,367,334,366,-16777216
334,366,337,366,-16777216
337,366,339,366,-16777216
339,366,339,365,-16777216
339,365,341,364,-16777216
341,364,342,364,-16777216
342,364,343,364,-16777216
343,364,344,363,-16777216
344,363,345,363,-16777216
345,363,345,362,-16777216
345,362,347,361,-16777216
347,361,349,360,-16777216
349,360,351,359,-16777216
351,359,353,358,-16777216
353,358,355,357,-16777216
355,357,356,357,-16777216
356,357,358,356,-16777216
358,356,359,355,-16777216
359,355,360,355,-16777216
360,355,360,354,-16777216
360,354,361,354,-16777216
361,354,362,354,-16777216
362,354,363,353,-16777216
363,353,365,352,-16777216
365,352,366,351,-16777216
366,351,367,351,-16777216
367,351,367,350,-16777216
367,350,368,349,-16777216
368,349,369,348,-16777216
369,348,370,348,-16777216
370,348,370,347,-16777216
370,347,371,347,-16777216
371,347,373,346,-16777216
373,346,373,345,-16777216
373,345,374,345,-16777216
374,345,375,345,-16777216
375,345,375,344,-16777216
375,344,376,343,-16777216
376,343,376,342,-16777216
376,342,377,341,-16777216
377,341,377,340,-16777216
377,340,378,340,-16777216
378,340,378,339,-16777216
378,339,379,338,-16777216
379,338,380,337,-16777216
380,337,381,336,-16777216
381,336,382,336,-16777216
382,336,382,335,-16777216
382,335,383,334,-16777216
383,334,384,333,-16777216
384,333,385,332,-16777216
385,332,386,332,-16777216
386,332,387,332,-16777216
387,332,387,331,-16777216
387,331,388,331,-16777216
388,331,388,329,-16777216
388,329,390,327,-16777216
390,327,390,326,-16777216
390,326,391,325,-16777216
391,325,393,323,-16777216
393,323,393,322,-16777216
393,322,394,321,-16777216
394,321,395,319,-16777216
395,319,396,318,-16777216
396,318,396,317,-16777216
396,317,397,317,-16777216
397,317,399,315,-16777216
399,315,400,314,-16777216
400,314,401,313,-16777216
401,313,402,312,-16777216
126,176,126,178,-16777216
126,178,126,181,-16777216
126,181,126,182,-16777216
126,182,126,183,-16777216
126,183,126,185,-16777216
126,185,126,189,-16777216
126,189,126,192,-16777216
126,192,126,195,-16777216
126,195,126,196,-16777216
126,196,126,197,-16777216
126,197,126,198,-16777216
126,198,126,199,-16777216
126,199,126,201,-16777216
126,201,128,203,-16777216
128,203,128,205,-16777216
128,205,128,206,-16777216
128,206,128,207,-16777216
128,207,129,209,-16777216
129,209,129,211,-16777216
129,211,129,212,-16777216
129,212,129,214,-16777216
129,214,130,214,-16777216
130,214,131,215,-16777216
131,215,131,217,-16777216
131,217,132,219,-16777216
132,219,132,221,-16777216
132,221,133,223,-16777216
441,178,441,179,-16777216
441,179,441,181,-16777216
441,181,441,184,-16777216
441,184,441,186,-16777216
441,186,442,188,-16777216
442,188,442,189,-16777216
442,189,443,191,-16777216
443,191,443,192,-16777216
443,192,443,194,-16777216
443,194,443,196,-16777216
443,196,443,197,-16777216
443,197,443,199,-16777216
443,199,443,201,-16777216
443,201,443,202,-16777216
443,202,443,203,-16777216
443,203,444,204,-16777216
444,204,444,205,-16777216
444,205,444,207,-16777216
444,207,444,208,-16777216
444,208,444,209,-16777216
444,209,444,210,-16777216
444,210,444,211,-16777216
444,211,444,213,-16777216
444,213,444,214,-16777216
444,214,444,217,-16777216
444,217,444,220,-16777216
444,220,444,224,-16777216
444,224,444,227,-16777216
444,227,444,228,-16777216
249,144,250,143,-16777216
250,143,251,142,-16777216
251,142,252,141,-16777216
252,141,253,141,-16777216
253,141,255,140,-16777216
255,140,257,139,-16777216
257,139,259,138,-16777216
259,138,261,137,-16777216
261,137,263,137,-16777216
263,137,266,137,-16777216
266,137,268,137,-16777216
268,137,269,135,-16777216
269,135,272,134,-16777216
272,134,274,134,-16777216
274,134,275,134,-16777216
275,134,276,133,-16777216
276,133,277,133,-16777216
277,133,279,133,-16777216
279,133,279,132,-16777216
279,132,280,131,-16777216
280,131,281,131,-16777216
281,131,282,131,-16777216
282,131,283,131,-16777216
283,131,285,130,-16777216
285,130,286,130,-16777216
286,130,287,130,-16777216
287,130,289,129,-16777216
289,129,290,129,-16777216
290,129,292,129,-16777216
292,129,294,129,-16777216
294,129,295,129,-16777216
295,129,297,129,-16777216
297,129,299,129,-16777216
299,129,301,129,-16777216
301,129,302,128,-16777216
302,128,304,128,-16777216
304,128,307,128,-16777216
307,128,309,128,-16777216
309,128,310,128,-16777216
310,128,311,128,-16777216
311,128,312,128,-16777216
312,128,313,128,-16777216
313,128,314,128,-16777216
279,470,278,470,-16777216
278,470,278,471,-16777216
278,471,277,471,-16777216
277,471,276,471,-16777216
276,471,276,472,-16777216
276,472,274,473,-16777216
274,473,272,474,-16777216
272,474,272,475,-16777216
272,475,270,475,-16777216
270,475,268,476,-16777216
268,476,267,477,-16777216
267,477,264,478,-16777216
264,478,262,478,-16777216
262,478,260,480,-16777216
260,480,258,481,-16777216
258,481,257,481,-16777216
257,481,256,481,-16777216
256,481,255,481,-16777216
255,481,254,481,-16777216
254,481,254,482,-16777216
254,482,253,482,-16777216
253,482,252,482,-16777216
252,482,251,483,-16777216
251,483,250,484,-16777216
250,484,249,484,-16777216
249,484,248,484,-16777216
248,484,247,484,-16777216
247,484,246,485,-16777216
246,485,245,485,-16777216
245,485,243,486,-16777216
243,486,242,487,-16777216
242,487,241,487,-16777216
241,487,239,487,-16777216
239,487,237,488,-16777216
237,488,236,489,-16777216
236,489,233,490,-16777216
233,490,231,491,-16777216
231,491,230,491,-16777216
230,491,229,492,-16777216
229,492,227,492,-16777216
227,492,226,493,-16777216
226,493,225,493,-16777216
225,493,224,493,-16777216
224,493,222,493,-16777216
222,493,221,493,-16777216
221,493,219,494,-16777216
219,494,218,494,-16777216
218,494,215,494,-16777216
215,494,214,494,-16777216
214,494,214,495,-16777216
214,495,212,495,-16777216
212,495,211,495,-16777216
211,495,209,496,-16777216
209,496,209,497,-16777216
209,497,210,497,-16777216
210,497,211,497,-16777216
211,497,212,498,-16777216
212,498,212,499,-16777216
212,499,214,500,-16777216
214,500,214,502,-16777216
214,502,214,503,-16777216
214,503,215,503,-16777216
215,503,215,504,-16777216
215,504,216,504,-16777216
216,504,217,505,-16777216
217,505,218,506,-16777216
218,506,220,506,-16777216
220,506,220,507,-16777216
220,507,222,508,-16777216
222,508,222,509,-16777216
222,509,223,509,-16777216
223,509,224,511,-16777216
224,511,225,512,-16777216
225,512,226,513,-16777216
226,513,226,514,-16777216
226,514,227,514,-16777216
227,514,227,515,-16777216
227,515,229,515,-16777216
229,515,230,516,-16777216
230,516,231,517,-16777216
231,517,232,518,-16777216
232,518,233,518,-16777216
233,518,233,519,-16777216
233,519,235,521,-16777216
235,521,236,522,-16777216
236,522,238,522,-16777216
238,522,238,523,-16777216
238,523,239,524,-16777216
239,524,240,524,-16777216
240,524,240,525,-16777216
240,525,241,525,-16777216
241,525,242,526,-16777216
242,526,244,526,-16777216
244,526,244,527,-16777216
244,527,245,527,-16777216
245,527,246,528,-16777216
246,528,247,528,-16777216
247,528,248,528,-16777216
248,528,250,528,-16777216
250,528,251,530,-16777216
251,530,252,530,-16777216
252,530,253,530,-16777216
253,530,254,530,-16777216
254,530,255,531,-16777216
255,531,256,531,-16777216
256,531,257,531,-16777216
257,531,258,531,-16777216
258,531,259,531,-16777216
259,531,260,531,-16777216
260,531,262,531,-16777216
262,531,263,531,-16777216
263,531,265,531,-16777216
265,531,266,531,-16777216
266,531,267,531,-16777216
267,531,268,531,-16777216
268,531,269,531,-16777216
269,531,270,531,-16777216
270,531,271,531,-16777216
271,531,272,531,-16777216
272,531,273,531,-16777216
273,531,275,531,-16777216
281,468,280,468,-16777216
280,468,280,467,-16777216
280,467,280,466,-16777216
280,466,280,464,-16777216
280,464,280,463,-16777216
280,463,280,461,-16777216
280,461,280,460,-16777216
280,460,280,458,-16777216
280,458,280,457,-16777216
280,457,280,455,-16777216
280,455,280,454,-16777216
280,454,280,452,-16777216
280,452,280,451,-16777216
280,451,280,450,-16777216
280,450,280,449,-16777216
280,449,280,448,-16777216
280,448,280,447,-16777216
280,447,280,445,-16777216
280,445,280,443,-16777216
280,443,280,442,-16777216
280,442,280,440,-16777216
280,440,280,439,-16777216
280,439,280,438,-16777216
280,438,280,437,-16777216
280,437,280,436,-16777216
280,436,280,435,-16777216
280,435,280,434,-16777216
280,434,281,433,-16777216
281,433,282,431,-16777216
282,431,282,430,-16777216
282,430,284,429,-16777216
284,429,286,427,-16777216
286,427,288,426,-16777216
288,426,288,425,-16777216
288,425,289,425,-16777216
289,425,290,424,-16777216
290,424,291,424,-16777216
291,424,292,423,-16777216
292,423,293,423,-16777216
293,423,294,422,-16777216
294,422,295,421,-16777216
295,421,296,420,-16777216
296,420,297,420,-16777216
297,420,299,419,-16777216
299,419,301,418,-16777216
301,418,303,417,-16777216
303,417,303,416,-16777216
303,416,304,416,-16777216
304,416,306,416,-16777216
306,416,307,416,-16777216
307,416,308,415,-16777216
308,415,309,415,-16777216
309,415,310,415,-16777216
310,415,312,415,-16777216
312,415,313,415,-16777216
313,415,314,415,-16777216
314,415,315,415,-16777216
315,415,316,415,-16777216
316,415,318,415,-16777216
318,415,319,415,-16777216
319,415,320,415,-16777216
320,415,322,415,-16777216
322,415,325,415,-16777216
325,415,328,416,-16777216
328,416,329,416,-16777216
329,416,331,417,-16777216
331,417,332,418,-16777216
332,418,334,418,-16777216
334,418,335,418,-16777216
335,418,337,418,-16777216
337,418,337,419,-16777216
337,419,338,419,-16777216
338,419,339,420,-16777216
339,420,340,421,-16777216
340,421,341,421,-16777216
341,421,342,422,-16777216
342,422,344,423,-16777216
344,423,344,424,-16777216
344,424,345,424,-16777216
345,424,345,425,-16777216
345,425,346,426,-16777216
346,426,347,427,-16777216
347,427,348,429,-16777216
348,429,348,430,-16777216
348,430,349,431,-16777216
349,431,350,431,-16777216
350,431,350,432,-16777216
350,432,350,433,-16777216
350,433,351,433,-16777216
351,433,351,435,-16777216
351,435,351,436,-16777216
351,436,351,437,-16777216
351,437,351,438,-16777216
351,438,353,439,-16777216
353,439,353,440,-16777216
353,440,353,441,-16777216
353,441,353,442,-16777216
353,442,353,443,-16777216
353,443,353,444,-16777216
353,444,353,445,-16777216
353,445,353,446,-16777216
353,446,353,448,-16777216
353,448,353,449,-16777216
353,449,353,450,-16777216
353,450,353,451,-16777216
353,451,353,452,-16777216
353,452,353,454,-16777216
353,454,353,455,-16777216
353,455,353,457,-16777216
353,457,353,458,-16777216
353,458,353,459,-16777216
353,459,353,460,-16777216
353,460,353,461,-16777216
353,461,352,462,-16777216
352,462,352,463,-16777216
352,463,351,465,-16777216
351,465,351,466,-16777216
351,466,350,466,-16777216
350,466,350,467,-16777216
350,467,350,468,-16777216
350,468,349,470,-16777216
349,470,347,470,-16777216
347,470,347,471,-16777216
347,471,346,471,-16777216
346,471,346,472,-16777216
346,472,345,472,-16777216
345,472,345,473,-16777216
345,473,344,474,-16777216
344,474,343,474,-16777216
343,474,343,475,-16777216
343,475,342,476,-16777216
342,476,341,477,-16777216
341,477,340,478,-16777216
340,478,340,479,-16777216
340,479,339,480,-16777216
339,480,338,481,-16777216
338,481,337,482,-16777216
337,482,336,483,-16777216
336,483,335,484,-16777216
335,484,335,485,-16777216
335,485,334,485,-16777216
334,485,333,485,-16777216
333,485,333,486,-16777216
333,486,332,486,-16777216
332,486,331,487,-16777216
331,487,330,487,-16777216
330,487,328,488,-16777216
328,488,326,488,-16777216
326,488,326,489,-16777216
326,489,325,489,-16777216
325,489,324,489,-16777216
324,489,323,489,-16777216
353,439,354,438,-16777216
354,438,354,437,-16777216
354,437,355,437,-16777216
355,437,356,437,-16777216
356,437,356,436,-16777216
356,436,358,436,-16777216
358,436,359,435,-16777216
359,435,360,434,-16777216
360,434,362,433,-16777216
362,433,363,432,-16777216
363,432,365,430,-16777216
365,430,366,430,-16777216
366,430,367,430,-16777216
367,430,368,430,-16777216
368,430,370,428,-16777216
370,428,371,428,-16777216
371,428,372,428,-16777216
372,428,372,427,-16777216
372,427,374,427,-16777216
374,427,375,426,-16777216
375,426,375,425,-16777216
375,425,377,424,-16777216
377,424,377,423,-16777216
377,423,379,422,-16777216
379,422,381,421,-16777216
381,421,382,421,-16777216
382,421,383,420,-16777216
383,420,385,419,-16777216
385,419,386,418,-16777216
386,418,387,418,-16777216
387,418,388,418,-16777216
388,418,390,417,-16777216
390,417,391,416,-16777216
391,416,393,416,-16777216
393,416,393,415,-16777216
393,415,394,415,-16777216
394,415,396,415,-16777216
396,415,400,415,-16777216
400,415,410,415,-16777216
410,415,418,415,-16777216
418,415,428,415,-16777216
428,415,431,415,-16777216
431,415,432,414,-16777216
432,414,434,413,-16777216
434,413,435,413,-16777216
435,413,437,413,-16777216
437,413,440,413,-16777216
440,413,441,412,-16777216
441,412,443,412,-16777216
443,412,444,412,-16777216
444,412,445,411,-16777216
445,411,446,411,-16777216
446,411,447,411,-16777216
447,411,448,411,-16777216
448,411,448,412,-16777216
448,412,448,413,-16777216
448,413,447,414,-16777216
447,414,448,414,-16777216
448,414,449,414,-16777216
449,414,450,414,-16777216
450,414,451,414,-16777216
451,414,452,414,-16777216
452,414,453,414,-16777216
453,414,454,414,-16777216
454,414,455,414,-16777216
455,414,456,414,-16777216
456,414,457,414,-16777216
457,414,458,414,-16777216
458,414,459,414,-16777216
459,414,460,414,-16777216
460,414,462,414,-16777216
462,414,463,415,-16777216
463,415,466,415,-16777216
466,415,467,415,-16777216
467,415,468,415,-16777216
468,415,469,415,-16777216
469,415,470,415,-16777216
470,415,471,415,-16777216
471,415,472,415,-16777216
472,415,473,415,-16777216
473,415,473,416,-16777216
473,416,474,416,-16777216
474,416,475,416,-16777216
475,416,477,416,-16777216
477,416,478,416,-16777216
478,416,479,416,-16777216
479,416,480,416,-16777216
480,416,481,416,-16777216
481,416,482,416,-16777216
482,416,483,416,-16777216
483,416,484,416,-16777216
484,416,485,417,-16777216
485,417,485,418,-16777216
485,418,486,418,-16777216
486,418,487,418,-16777216
487,418,488,418,-16777216
488,418,490,418,-16777216
490,418,491,418,-16777216
491,418,492,418,-16777216
492,418,494,419,-16777216
494,419,496,420,-16777216
496,420,497,420,-16777216
497,420,499,420,-16777216
499,420,500,421,-16777216
500,421,501,421,-16777216
501,421,502,421,-16777216
502,421,504,421,-16777216
504,421,506,422,-16777216
506,422,508,422,-16777216
508,422,510,422,-16777216
510,422,511,422,-16777216
511,422,513,422,-16777216
513,422,514,422,-16777216
514,422,517,422,-16777216
517,422,517,423,-16777216
517,423,518,423,-16777216
518,423,519,423,-16777216
519,423,521,423,-16777216
521,423,523,423,-16777216
523,423,525,424,-16777216
525,424,527,425,-16777216
527,425,529,426,-16777216
529,426,530,426,-16777216
530,426,531,426,-16777216
531,426,533,427,-16777216
533,427,533,428,-16777216
533,428,534,428,-16777216
534,428,536,429,-16777216
536,429,537,429,-16777216
537,429,538,430,-16777216
538,430,538,431,-16777216
538,431,540,432,-16777216
540,432,541,434,-16777216
541,434,542,435,-16777216
542,435,543,435,-16777216
543,435,544,437,-16777216
544,437,545,438,-16777216
545,438,546,439,-16777216
546,439,547,440,-16777216
547,440,548,441,-16777216
548,441,548,442,-16777216
548,442,550,443,-16777216
550,443,550,444,-16777216
550,444,551,445,-16777216
551,445,552,446,-16777216
552,446,553,447,-16777216
553,447,554,447,-16777216
554,447,554,448,-16777216
554,448,555,448,-16777216
555,448,556,449,-16777216
556,449,557,450,-16777216
557,450,558,451,-16777216
558,451,558,452,-16777216
558,452,560,453,-16777216
560,453,561,455,-16777216
561,455,562,456,-16777216
562,456,562,458,-16777216
562,458,562,459,-16777216
562,459,563,460,-16777216
563,460,564,462,-16777216
564,462,564,463,-16777216
564,463,564,464,-16777216
564,464,564,465,-16777216
564,465,565,466,-16777216
565,466,565,467,-16777216
565,467,565,469,-16777216
565,469,565,470,-16777216
565,470,565,471,-16777216
565,471,565,472,-16777216
565,472,565,473,-16777216
565,473,565,474,-16777216
565,474,565,475,-16777216
565,475,566,476,-16777216
566,476,567,476,-16777216
567,476,567,477,-16777216
567,477,567,478,-16777216
567,478,567,479,-16777216
567,479,568,480,-16777216
568,480,568,481,-16777216
568,481,568,482,-16777216
568,482,568,483,-16777216
568,483,570,484,-16777216
570,484,570,485,-16777216
570,485,570,486,-16777216
570,486,570,487,-16777216
570,487,571,488,-16777216
571,488,571,489,-16777216
571,489,572,491,-16777216
572,491,572,492,-16777216
572,492,572,493,-16777216
572,493,572,494,-16777216
572,494,572,495,-16777216
572,495,572,496,-16777216
572,496,573,497,-16777216
573,497,573,499,-16777216
573,499,573,501,-16777216
573,501,573,502,-16777216
573,502,573,504,-16777216
573,504,573,505,-16777216
573,505,573,507,-16777216
573,507,573,508,-16777216
573,508,573,510,-16777216
573,510,573,511,-16777216
573,511,573,513,-16777216
573,513,573,514,-16777216
573,514,573,516,-16777216
573,516,573,517,-16777216
573,517,573,518,-16777216
573,518,573,519,-16777216
573,519,573,520,-16777216
573,520,573,521,-16777216
573,521,573,522,-16777216
573,522,573,523,-16777216
573,523,573,524,-16777216
573,524,573,525,-16777216
573,525,573,526,-16777216
573,526,573,528,-16777216
573,528,573,530,-16777216
573,530,573,531,-16777216
573,531,573,532,-16777216
573,532,573,535,-16777216
573,535,572,535,-16777216
572,535,572,536,-16777216
572,536,571,537,-16777216
571,537,571,538,-16777216
571,538,570,538,-16777216
570,538,570,539,-16777216
570,539,570,540,-16777216
570,540,570,541,-16777216
570,541,569,541,-16777216
569,541,568,542,-16777216
568,542,568,543,-16777216
568,543,567,544,-16777216
567,544,566,545,-16777216
566,545,566,546,-16777216
566,546,565,547,-16777216
565,547,564,548,-16777216
564,548,564,549,-16777216
564,549,563,549,-16777216
563,549,562,550,-16777216
562,550,561,551,-16777216
561,551,561,552,-16777216
561,552,560,553,-16777216
560,553,559,553,-16777216
559,553,559,554,-16777216
559,554,558,554,-16777216
558,554,556,556,-16777216
556,556,555,556,-16777216
555,556,554,557,-16777216
554,557,554,558,-16777216
554,558,553,558,-16777216
553,558,550,560,-16777216
550,560,548,562,-16777216
548,562,547,563,-16777216
547,563,546,564,-16777216
546,564,545,564,-16777216
545,564,542,565,-16777216
542,565,542,566,-16777216
542,566,541,566,-16777216
541,566,540,567,-16777216
540,567,539,567,-16777216
539,567,538,569,-16777216
538,569,537,569,-16777216
537,569,535,570,-16777216
535,570,533,570,-16777216
533,570,531,572,-16777216
531,572,529,573,-16777216
529,573,526,573,-16777216
526,573,525,574,-16777216
525,574,524,574,-16777216
524,574,522,575,-16777216
522,575,521,576,-16777216
521,576,520,576,-16777216
520,576,518,577,-16777216
518,577,516,577,-16777216
516,577,513,580,-16777216
513,580,511,580,-16777216
511,580,509,580,-16777216
509,580,507,581,-16777216
507,581,504,581,-16777216
504,581,502,583,-16777216
502,583,500,583,-16777216
500,583,497,583,-16777216
497,583,495,584,-16777216
495,584,493,584,-16777216
493,584,489,584,-16777216
489,584,486,584,-16777216
486,584,484,584,-16777216
484,584,483,584,-16777216
483,584,481,585,-16777216
481,585,478,585,-16777216
478,585,475,586,-16777216
475,586,474,586,-16777216
474,586,471,586,-16777216
471,586,469,586,-16777216
469,586,468,586,-16777216
468,586,466,586,-16777216
466,586,465,586,-16777216
465,586,463,586,-16777216
463,586,462,586,-16777216
462,586,460,586,-16777216
460,586,459,587,-16777216
459,587,458,587,-16777216
458,587,456,587,-16777216
456,587,453,587,-16777216
453,587,449,587,-16777216
449,587,447,587,-16777216
447,587,441,587,-16777216
441,587,436,587,-16777216
436,587,432,587,-16777216
432,587,429,587,-16777216
429,587,427,587,-16777216
427,587,424,587,-16777216
424,587,421,587,-16777216
421,587,419,587,-16777216
419,587,417,587,-16777216
417,587,413,587,-16777216
413,587,410,587,-16777216
410,587,406,587,-16777216
406,587,405,587,-16777216
405,587,403,587,-16777216
403,587,402,587,-16777216
402,587,400,587,-16777216
400,587,399,587,-16777216
399,587,397,587,-16777216
397,587,396,586,-16777216
396,586,395,586,-16777216
395,586,392,585,-16777216
392,585,390,585,-16777216
390,585,388,583,-16777216
388,583,384,582,-16777216
384,582,382,581,-16777216
382,581,379,580,-16777216
379,580,378,579,-16777216
378,579,377,579,-16777216
377,579,375,578,-16777216
375,578,373,578,-16777216
373,578,371,577,-16777216
371,577,368,576,-16777216
368,576,364,575,-16777216
364,575,360,573,-16777216
360,573,357,572,-16777216
357,572,356,572,-16777216
356,572,353,570,-16777216
353,570,349,568,-16777216
349,568,348,568,-16777216
348,568,346,567,-16777216
346,567,344,566,-16777216
344,566,342,566,-16777216
342,566,341,566,-16777216
341,566,340,566,-16777216
340,566,338,564,-16777216
338,564,337,564,-16777216
337,564,336,563,-16777216
336,563,333,563,-16777216
333,563,332,562,-16777216
332,562,330,561,-16777216
330,561,328,560,-16777216
328,560,326,559,-16777216
326,559,324,559,-16777216
324,559,322,558,-16777216
322,558,322,557,-16777216
322,557,321,557,-16777216
321,557,320,557,-16777216
320,557,319,557,-16777216
319,557,318,556,-16777216
318,556,317,556,-16777216
317,556,316,555,-16777216
316,555,315,554,-16777216
315,554,314,554,-16777216
314,554,313,554,-16777216
313,554,312,553,-16777216
312,553,311,553,-16777216
311,553,308,550,-16777216
308,550,307,550,-16777216
307,550,305,549,-16777216
305,549,304,549,-16777216
304,549,303,548,-16777216
303,548,303,547,-16777216
303,547,301,546,-16777216
301,546,300,546,-16777216
300,546,300,545,-16777216
300,545,299,544,-16777216
299,544,298,544,-16777216
298,544,297,543,-16777216
297,543,295,543,-16777216
295,543,295,542,-16777216
295,542,294,541,-16777216
294,541,293,541,-16777216
293,541,292,540,-16777216
292,540,291,539,-16777216
291,539,290,538,-16777216
290,538,289,537,-16777216
289,537,289,536,-16777216
289,536,288,535,-16777216
288,535,288,534,-16777216
288,534,290,535,-16777216
290,535,291,535,-16777216
291,535,292,535,-16777216
292,535,293,536,-16777216
293,536,294,536,-16777216
294,536,295,536,-16777216
295,536,297,536,-16777216
297,536,299,537,-16777216
299,537,300,538,-16777216
300,538,301,539,-16777216
301,539,304,540,-16777216
304,540,305,540,-16777216
305,540,307,542,-16777216
307,542,308,542,-16777216
308,542,310,543,-16777216
310,543,311,543,-16777216
311,543,311,544,-16777216
311,544,312,544,-16777216
312,544,313,544,-16777216
313,544,316,546,-16777216
316,546,318,546,-16777216
318,546,319,547,-16777216
319,547,320,547,-16777216
320,547,322,547,-16777216
322,547,324,549,-16777216
324,549,325,549,-16777216
325,549,328,550,-16777216
328,550,330,551,-16777216
330,551,331,552,-16777216
331,552,334,553,-16777216
334,553,335,553,-16777216
335,553,337,554,-16777216
337,554,338,554,-16777216
338,554,339,555,-16777216
339,555,341,556,-16777216
341,556,341,557,-16777216
341,557,342,557,-16777216
342,557,344,557,-16777216
344,557,345,557,-16777216
345,557,347,558,-16777216
347,558,348,559,-16777216
348,559,349,559,-16777216
349,559,350,559,-16777216
350,559,350,560,-16777216
350,560,352,561,-16777216
352,561,353,561,-16777216
353,561,354,562,-16777216
354,562,355,562,-16777216
355,562,356,562,-16777216
356,562,357,562,-16777216
357,562,358,562,-16777216
358,562,360,563,-16777216
360,563,361,563,-16777216
361,563,362,563,-16777216
362,563,363,563,-16777216
363,563,365,564,-16777216
365,564,366,564,-16777216
366,564,366,565,-16777216
366,565,368,565,-16777216
368,565,369,565,-16777216
369,565,371,566,-16777216
371,566,372,566,-16777216
372,566,373,567,-16777216
373,567,374,567,-16777216
374,567,375,568,-16777216
375,568,376,569,-16777216
376,569,377,569,-16777216
377,569,378,569,-16777216
378,569,380,569,-16777216
380,569,381,569,-16777216
381,569,383,570,-16777216
383,570,384,570,-16777216
384,570,386,570,-16777216
386,570,387,571,-16777216
387,571,388,571,-16777216
388,571,389,571,-16777216
389,571,390,571,-16777216
390,571,392,571,-16777216
392,571,392,572,-16777216
392,572,393,572,-16777216
393,572,395,574,-16777216
395,574,396,574,-16777216
396,574,398,574,-16777216
398,574,399,574,-16777216
399,574,401,574,-16777216
401,574,402,574,-16777216
402,574,404,574,-16777216
404,574,406,573,-16777216
406,573,408,573,-16777216
408,573,409,573,-16777216
409,573,410,573,-16777216
410,573,411,573,-16777216
411,573,412,573,-16777216
412,573,414,573,-16777216
414,573,415,573,-16777216
415,573,416,573,-16777216
416,573,417,573,-16777216
417,573,418,573,-16777216
418,573,419,573,-16777216
419,573,420,573,-16777216
420,573,421,573,-16777216
421,573,421,572,-16777216
421,572,422,572,-16777216
422,572,423,572,-16777216
423,572,425,571,-16777216
425,571,426,571,-16777216
426,571,426,570,-16777216
426,570,427,570,-16777216
427,570,428,570,-16777216
428,570,429,570,-16777216
429,570,430,570,-16777216
430,570,431,570,-16777216
431,570,432,570,-16777216
432,570,434,570,-16777216
434,570,436,570,-16777216
436,570,438,568,-16777216
438,568,440,568,-16777216
440,568,442,567,-16777216
442,567,444,567,-16777216
444,567,447,567,-16777216
447,567,450,567,-16777216
450,567,451,566,-16777216
451,566,452,566,-16777216
452,566,454,566,-16777216
454,566,456,566,-16777216
456,566,460,566,-16777216
460,566,461,566,-16777216
461,566,463,566,-16777216
463,566,464,566,-16777216
464,566,467,566,-16777216
467,566,468,565,-16777216
468,565,469,565,-16777216
469,565,472,565,-16777216
472,565,473,565,-16777216
473,565,474,564,-16777216
474,564,476,564,-16777216
476,564,478,564,-16777216
478,564,479,564,-16777216
479,564,480,564,-16777216
480,564,481,564,-16777216
481,564,482,564,-16777216
482,564,483,564,-16777216
483,564,484,563,-16777216
484,563,485,562,-16777216
485,562,486,562,-16777216
486,562,487,561,-16777216
487,561,489,560,-16777216
489,560,491,560,-16777216
491,560,494,560,-16777216
494,560,496,558,-16777216
496,558,497,558,-16777216
497,558,498,558,-16777216
498,558,500,558,-16777216
500,558,501,557,-16777216
501,557,503,557,-16777216
503,557,504,556,-16777216
504,556,506,556,-16777216
506,556,507,556,-16777216
507,556,509,555,-16777216
509,555,510,555,-16777216
510,555,512,555,-16777216
512,555,512,554,-16777216
512,554,513,554,-16777216
513,554,514,553,-16777216
514,553,515,553,-16777216
515,553,516,553,-16777216
516,553,518,552,-16777216
518,552,519,551,-16777216
519,551,520,551,-16777216
520,551,522,551,-16777216
522,551,522,550,-16777216
522,550,524,549,-16777216
524,549,525,549,-16777216
525,549,525,548,-16777216
525,548,527,548,-16777216
527,548,528,547,-16777216
528,547,528,546,-16777216
527,546,527,545,-16777216
527,545,529,544,-16777216
529,544,531,543,-16777216
531,543,531,542,-16777216
531,542,532,542,-16777216
532,542,534,542,-16777216
534,542,534,541,-16777216
534,541,535,540,-16777216
535,540,536,539,-16777216
536,539,538,539,-16777216
538,539,538,538,-16777216
538,538,539,537,-16777216
539,537,540,537,-16777216
540,537,540,536,-16777216
540,536,541,536,-16777216
541,536,542,535,-16777216
542,535,541,534,-16777216
541,534,540,534,-16777216
540,534,540,533,-16777216
540,533,540,532,-16777216
278,533,279,533,-16777216
279,533,280,533,-16777216
280,533,282,533,-16777216
282,533,283,532,-16777216
283,532,284,532,-16777216
284,532,285,532,-16777216
285,532,286,532,-16777216
286,532,287,532,-16777216
287,532,288,532,-16777216
288,532,289,532,-16777216
289,532,290,532,-16777216
290,532,291,532,-16777216
291,532,292,532,-16777216
292,532,293,532,-16777216
293,532,294,532,-16777216
292,531,293,531,-16777216
293,531,294,531,-16777216
294,531,295,531,-16777216
295,531,296,531,-16777216
296,531,297,531,-16777216
297,531,298,531,-16777216
298,531,299,531,-16777216
299,531,300,531,-16777216
300,531,301,531,-16777216
301,531,304,531,-16777216
304,531,307,531,-16777216
307,531,309,532,-16777216
309,532,312,532,-16777216
312,532,313,532,-16777216
313,532,314,532,-16777216
314,532,315,532,-16777216
315,532,315,533,-16777216
315,533,316,533,-16777216
316,533,318,534,-16777216
318,534,319,534,-16777216
319,534,320,535,-16777216
320,535,321,536,-16777216
321,536,322,536,-16777216
322,536,323,536,-16777216
323,536,324,536,-16777216
324,536,325,536,-16777216
325,536,326,537,-16777216
326,537,327,537,-16777216
327,537,329,538,-16777216
329,538,330,539,-16777216
330,539,331,539,-16777216
331,539,333,539,-16777216
333,539,334,540,-16777216
334,540,334,541,-16777216
334,541,336,541,-16777216
336,541,336,542,-16777216
336,542,338,542,-16777216
338,542,339,543,-16777216
339,543,340,543,-16777216
340,543,341,543,-16777216
341,543,343,544,-16777216
343,544,344,544,-16777216
344,544,345,544,-16777216
345,544,345,545,-16777216
345,545,346,545,-16777216
346,545,348,546,-16777216
348,546,349,546,-16777216
349,546,351,546,-16777216
351,546,352,546,-16777216
352,546,353,546,-16777216
353,546,355,546,-16777216
355,546,356,547,-16777216
356,547,357,548,-16777216
357,548,358,548,-16777216
358,548,359,548,-16777216
359,548,360,548,-16777216
360,548,362,548,-16777216
362,548,364,548,-16777216
364,548,365,548,-16777216
365,548,367,548,-16777216
367,548,368,548,-16777216
368,548,369,548,-16777216
369,548,370,548,-16777216
370,548,371,548,-16777216
371,548,372,548,-16777216
372,548,373,548,-16777216
373,548,374,548,-16777216
374,548,375,548,-16777216
375,548,376,548,-16777216
376,548,377,548,-16777216
377,548,378,548,-16777216
378,548,379,548,-16777216
379,548,380,548,-16777216
380,548,382,548,-16777216
382,548,383,548,-16777216
383,548,385,548,-16777216
385,548,386,548,-16777216
386,548,388,548,-16777216
388,548,390,548,-16777216
390,548,391,548,-16777216
391,548,392,548,-16777216
392,548,394,548,-16777216
394,548,395,548,-16777216
395,548,396,548,-16777216
396,548,397,548,-16777216
397,548,398,548,-16777216
398,548,400,548,-16777216
400,548,401,548,-16777216
401,548,403,548,-16777216
403,548,404,548,-16777216
404,548,405,548,-16777216
405,548,407,548,-16777216
407,548,408,548,-16777216
408,548,409,548,-16777216
409,548,410,548,-16777216
410,548,411,548,-16777216
411,548,412,548,-16777216
412,548,414,548,-16777216
414,548,415,548,-16777216
415,548,416,548,-16777216
416,548,417,548,-16777216
417,548,419,548,-16777216
419,548,420,548,-16777216
420,548,421,548,-16777216
421,548,422,548,-16777216
422,548,423,548,-16777216
423,548,424,548,-16777216
424,548,425,548,-16777216
425,548,426,548,-16777216
426,548,427,548,-16777216
427,548,428,547,-16777216
428,547,429,547,-16777216
429,547,430,547,-16777216
430,547,431,547,-16777216
431,547,433,546,-16777216
433,546,434,546,-16777216
434,546,435,546,-16777216
435,546,436,546,-16777216
436,546,437,546,-16777216
437,546,438,546,-16777216
438,546,439,546,-16777216
439,546,440,545,-16777216
440,545,442,545,-16777216
442,545,443,545,-16777216
443,545,445,544,-16777216
445,544,446,544,-16777216
446,544,447,544,-16777216
447,544,449,544,-16777216
449,544,450,544,-16777216
450,544,452,544,-16777216
452,544,453,544,-16777216
453,544,454,544,-16777216
454,544,455,542,-16777216
455,542,456,542,-16777216
456,542,457,542,-16777216
457,542,458,542,-16777216
458,542,459,542,-16777216
459,542,460,542,-16777216
460,542,461,542,-16777216
461,542,462,542,-16777216
462,542,464,542,-16777216
464,542,466,542,-16777216
466,542,467,541,-16777216
467,541,469,541,-16777216
469,541,471,541,-16777216
471,541,472,540,-16777216
472,540,473,540,-16777216
473,540,474,540,-16777216
474,540,475,540,-16777216
475,540,476,539,-16777216
476,539,477,539,-16777216
477,539,478,539,-16777216
478,539,479,539,-16777216
479,539,480,539,-16777216
480,539,482,539,-16777216
482,539,483,539,-16777216
483,539,484,539,-16777216
484,539,485,539,-16777216
485,539,487,539,-16777216
487,539,489,539,-16777216
489,539,490,539,-16777216
490,539,491,539,-16777216
491,539,492,539,-16777216
492,539,493,539,-16777216
493,539,495,539,-16777216
495,539,496,539,-16777216
496,539,498,539,-16777216
498,539,499,538,-16777216
499,538,500,538,-16777216
500,538,501,538,-16777216
501,538,502,538,-16777216
502,538,503,538,-16777216
503,538,504,538,-16777216
504,538,505,538,-16777216
505,538,506,538,-16777216
506,538,507,538,-16777216
507,538,508,538,-16777216
508,538,510,538,-16777216
510,538,511,538,-16777216
511,538,512,538,-16777216
512,538,513,538,-16777216
513,538,514,538,-16777216
514,538,517,538,-16777216
517,538,518,538,-16777216
518,538,519,538,-16777216
519,538,520,538,-16777216
520,538,521,538,-16777216
521,538,522,538,-16777216
522,538,523,538,-16777216
523,538,524,538,-16777216
524,538,525,538,-16777216
525,538,526,538,-16777216
526,538,527,538,-16777216
527,538,528,538,-16777216
528,538,529,538,-16777216
529,538,530,538,-16777216
530,538,530,537,-16777216
266,504,267,504,-16777216
267,504,268,504,-16777216
268,504,269,504,-16777216
269,504,270,504,-16777216
270,504,271,504,-16777216
271,504,272,504,-16777216
272,504,273,504,-16777216
273,504,274,504,-16777216
274,504,275,504,-16777216
275,504,276,504,-16777216
276,504,277,504,-16777216
277,504,278,504,-16777216
278,504,279,504,-16777216
279,504,281,504,-16777216
281,504,282,504,-16777216
282,504,283,504,-16777216
283,504,285,504,-16777216
285,504,286,504,-16777216
286,504,287,504,-16777216
287,504,288,504,-16777216
288,504,288,505,-16777216
288,505,289,506,-16777216
289,506,292,507,-16777216
292,507,294,508,-16777216
294,508,295,508,-16777216
295,508,296,508,-16777216
270,508,271,508,-16777216
271,508,273,508,-16777216
273,508,274,508,-16777216
274,508,275,509,-16777216
275,509,276,509,-16777216
276,509,277,509,-16777216
277,509,278,510,-16777216
278,510,280,511,-16777216
280,511,281,511,-16777216
281,511,283,511,-16777216
283,511,285,512,-16777216
285,512,286,512,-16777216
286,512,287,513,-16777216
287,513,288,514,-16777216
288,514,289,514,-16777216
289,514,289,515,-16777216
289,515,291,516,-16777216
291,516,292,517,-16777216
292,517,293,517,-16777216
293,517,293,518,-16777216
293,518,294,519,-16777216
294,519,295,520,-16777216
295,520,295,521,-16777216
269,513,270,513,-16777216
270,513,272,514,-16777216
272,514,274,516,-16777216
274,516,275,517,-16777216
275,517,276,518,-16777216
276,518,276,519,-16777216
276,519,277,519,-16777216
277,519,277,520,-16777216
277,520,278,521,-16777216
278,521,278,522,-16777216
278,522,279,522,-16777216
279,522,279,523,-16777216
279,523,280,524,-16777216
280,524,281,525,-16777216
281,525,282,526,-16777216
282,526,282,527,-16777216
282,527,283,527,-16777216
283,527,283,528,-16777216
283,528,283,529,-16777216
283,529,283,530,-16777216
283,530,284,530,-16777216
284,530,285,531,-16777216
294,465,294,464,-16777216
294,464,293,464,-16777216
293,464,292,463,-16777216
292,463,292,462,-16777216
292,462,292,461,-16777216
292,461,292,460,-16777216
292,460,292,459,-16777216
292,459,292,458,-16777216
292,458,292,456,-16777216
292,456,292,455,-16777216
292,455,292,454,-16777216
292,454,292,453,-16777216
292,453,292,451,-16777216
292,451,292,450,-16777216
292,450,292,449,-16777216
292,449,292,448,-16777216
292,448,292,447,-16777216
292,447,292,446,-16777216
292,446,292,445,-16777216
292,445,292,444,-16777216
292,444,292,443,-16777216
292,443,292,442,-16777216
292,442,293,441,-16777216
293,441,294,440,-16777216
294,440,296,438,-16777216
296,438,298,438,-16777216
298,438,299,437,-16777216
299,437,300,437,-16777216
300,437,302,435,-16777216
302,435,303,435,-16777216
303,435,304,435,-16777216
304,435,305,435,-16777216
305,435,306,435,-16777216
306,435,307,434,-16777216
307,434,308,434,-16777216
308,434,309,434,-16777216
309,434,312,433,-16777216
312,433,313,433,-16777216
313,433,314,433,-16777216
314,433,316,433,-16777216
316,433,317,433,-16777216
317,433,318,433,-16777216
318,433,319,433,-16777216
319,433,320,433,-16777216
320,433,321,433,-16777216
321,433,322,433,-16777216
322,433,324,434,-16777216
324,434,325,434,-16777216
325,434,326,435,-16777216
326,435,327,435,-16777216
327,435,328,435,-16777216
328,435,329,436,-16777216
329,436,329,437,-16777216
329,437,330,437,-16777216
330,437,331,437,-16777216
331,437,331,438,-16777216
331,438,332,438,-16777216
332,438,332,439,-16777216
332,439,334,440,-16777216
334,440,335,441,-16777216
335,441,336,442,-16777216
336,442,337,443,-16777216
337,443,338,444,-16777216
338,444,338,445,-16777216
338,445,339,446,-16777216
339,446,339,447,-16777216
339,447,340,447,-16777216
340,447,340,448,-16777216
340,448,340,449,-16777216
340,449,340,450,-16777216
340,450,341,451,-16777216
341,451,341,452,-16777216
341,452,341,453,-16777216
341,453,341,455,-16777216
341,455,341,456,-16777216
341,456,341,457,-16777216
341,457,341,458,-16777216
341,458,341,459,-16777216
341,459,340,460,-16777216
340,460,339,460,-16777216
339,460,338,462,-16777216
338,462,337,462,-16777216
337,462,336,463,-16777216
336,463,335,465,-16777216
335,465,335,466,-16777216
335,466,334,467,-16777216
334,467,333,468,-16777216
333,468,332,468,-16777216
332,468,331,469,-16777216
331,469,330,469,-16777216
330,469,330,470,-16777216
330,470,329,470,-16777216
329,470,328,471,-16777216
328,471,327,471,-16777216
327,471,326,471,-16777216
326,471,325,471,-16777216
325,471,324,472,-16777216
324,472,323,472,-16777216
323,472,323,473,-16777216
323,473,322,473,-16777216
322,473,321,473,-16777216
210,495,211,495,-16777216
211,495,212,495,-16777216
212,495,213,495,-16777216
213,495,214,496,-16777216
214,496,215,497,-16777216
215,497,216,497,-16777216
216,497,217,497,-16777216
217,497,218,497,-16777216
218,497,218,496,-16777216
218,496,218,495,-16777216
218,495,217,494,-16777216
217,494,216,494,-16777216
216,494,215,494,-16777216
215,494,214,494,-16777216
214,494,213,494,-16777216
213,494,213,496,-16777216
213,496,213,497,-16777216
213,497,213,498,-16777216
213,498,213,499,-16777216
213,499,213,500,-16777216
213,500,213,501,-16777216
213,501,214,502,-16777216
214,502,215,502,-16777216
215,502,216,502,-16777216
216,502,217,502,-16777216
217,502,218,502,-16777216
218,502,218,501,-16777216
218,501,218,500,-16777216
218,500,218,499,-16777216
218,499,218,498,-16777216
218,498,218,497,-16777216
218,497,218,496,-16777216
218,496,218,495,-16777216
218,495,218,494,-16777216
218,494,217,494,-16777216
217,494,216,494,-16777216
216,494,215,494,-16777216
215,494,214,494,-16777216
214,494,213,494,-16777216
213,494,213,495,-16777216
213,495,213,496,-16777216
213,496,213,497,-16777216
213,497,213,498,-16777216
213,498,213,499,-16777216
213,499,213,500,-16777216
213,500,214,500,-16777216
214,500,215,500,-16777216
215,500,216,500,-16777216
216,500,217,500,-16777216
217,500,217,499,-16777216
217,499,217,497,-16777216
217,497,217,496,-16777216
217,496,216,496,-16777216
216,496,215,496,-16777216
215,496,213,496,-16777216
213,496,212,496,-16777216
212,496,211,496,-16777216
211,496,210,496,-16777216
210,496,210,497,-16777216
210,497,210,498,-16777216
210,498,211,499,-16777216
211,499,212,499,-16777216
212,499,214,499,-16777216
214,499,215,500,-16777216
215,500,216,500,-16777216
216,500,216,499,-16777216
216,499,216,498,-16777216
216,498,216,496,-16777216
216,496,216,494,-16777216
216,494,216,493,-16777216
216,493,216,494,-16777216
216,494,216,495,-16777216
216,495,216,496,-16777216
216,496,216,497,-16777216
216,497,216,498,-16777216
216,498,216,499,-16777216
216,499,216,500,-16777216
216,500,216,501,-16777216
216,501,215,502,-16777216
215,502,214,502,-16777216
214,502,214,501,-16777216
214,501,213,501,-16777216
213,501,212,501,-16777216
212,501,211,500,-16777216
211,500,211,499,-16777216
211,499,211,497,-16777216
211,497,211,496,-16777216
211,496,211,494,-16777216
211,494,211,492,-16777216
211,492,211,491,-16777216
211,491,211,490,-16777216
211,490,212,490,-16777216
212,490,213,490,-16777216
213,490,214,490,-16777216
214,490,214,491,-16777216
